"","Fibroblast_1","Fibroblast_2","SHSY5Y_1","SHSY5Y_2","baseMean","log2FoldChange","lfcSE","stat","pvalue","padj"
"ABCA1",1656.64124300526,1500.37801892956,107.867139488179,106.075453669612,842.740463773152,-3.88321966837827,0.154543285446828,-25.127068168318,2.51742333508006e-139,4.3852223510769e-138
"ABCA5",730.641302929206,757.284520302364,117.047321572279,114.530743454871,429.87597206468,-2.68373397415838,0.185809896630827,-14.4434393582949,2.75732235407765e-47,1.85834773260535e-46
"ACAP1",53.3980274868048,55.4739938211272,17.5953489945256,17.6792422782687,36.0366531451816,-1.62595253101113,0.586151721541472,-2.77394481881785,0.00553810711047443,0.00894268978553885
"ACKR3",138.053436917105,170.292260102065,0,0,77.0864242547924,-10.0941610644074,1.49597062219741,-6.74756637237988,1.50345469537562e-11,4.18052955898159e-11
"ADPRH",154.984518803165,171.582352981626,47.4309407678516,48.4257505883013,105.605890785236,-1.76848669730604,0.348588142388284,-5.07328414899485,3.91007955334355e-07,8.75066426854484e-07
"ADRB2",67.7243275442402,61.9244582189327,6.1201213894002,6.14930166200652,35.4795522036449,-3.40143185502005,0.66074776756301,-5.14785220927089,2.63485953760878e-07,5.94848523019373e-07
"AMOTL2",14506.0300036105,14681.2569694053,945.558754662331,936.231178040492,7767.26922642966,-3.95515923017333,0.0687878705281765,-57.4979164175934,0,0
"ANKRD13A",2062.9872082707,2073.17925745468,279.995553565059,272.106598543788,1172.06715445856,-2.90527194578759,0.120784059476911,-24.0534384948616,7.68407402428503e-128,1.22887300591767e-126
"ANTXR1",20685.8748920224,22252.8120795494,3610.10660457244,3556.60234876302,12526.3489812268,-2.58290064923013,0.0640453917766877,-40.3292192861609,0,0
"ANTXR2",5531.25421308438,5884.11362367816,1732.75936837393,1728.72242973158,3719.21240871702,-1.72153190028437,0.0784920740569156,-21.9325571526631,1.27081263932949e-106,1.69415085293345e-105
"ANXA1",21058.3586935158,21818.0507791373,546.220834003968,539.601220841072,10990.5578818745,-5.30331914100082,0.0716985666823174,-73.9668780897506,0,0
"ANXA2",72700.7632278275,71376.9687474768,6078.81057002175,6056.29347436867,39053.2090049237,-3.56958754239099,0.053523548570719,-66.6919073512962,0,0
"ANXA6",14694.8766861858,14282.6182696209,2185.64835118955,2185.30807813557,8337.11284628295,-2.7289072454745,0.0645683673564074,-42.2638415249275,0,0
"AP1G2",40.3741183436816,14.1910216751721,2.29504552102508,0.768662707750814,14.4072120619074,-4.15331343385209,1.18005289601367,-3.5195993737928,0.000432199094249525,0.000775549807648094
"AP2A1",6324.41027990058,6240.17925843703,1905.65279762449,1902.44020168327,4093.17063441134,-1.72221871881757,0.0740120455243855,-23.2694381923296,9.043657598353e-120,1.34380997944381e-118
"AP5S1",514.444411153363,525.067801981367,154.533065082355,149.889228011409,335.983626557123,-1.77175739232995,0.199328411694357,-8.88863447648748,6.18644803008432e-19,2.27179747768545e-18
"APBB2",2139.82827221513,2037.05665682697,471.249346983816,469.652914435748,1279.44679761542,-2.15029052352189,0.112952644717277,-19.0370976164755,8.40585302022595e-81,8.70518339606814e-80
"APH1B",832.227794245567,828.239628678224,274.640447349334,272.106598543788,551.803617204228,-1.6026380163273,0.157581228673374,-10.1702342964285,2.69260201437987e-24,1.15921806368131e-23
"APP",62384.5247955597,61583.8736987285,16004.1174332815,16037.378734513,39002.4736655207,-1.9519583743271,0.0524113324142631,-37.2430595524395,1.3724042688645e-303,5.49738540150819e-302
"ARHGAP1",5703.16981377361,5560.30031090833,1419.86816234085,1409.72740601499,3523.26642325944,-1.99297419753021,0.0781200734643912,-25.5116784860507,1.46278247339388e-143,2.6289838654097e-142
"ARHGAP44",61.2123729726786,50.3136223028828,17.5953489945256,21.5225558170228,37.6609750217774,-1.51145572343797,0.57707522491729,-2.6191658525188,0.0088145080822778,0.0139222175457459
"ARRDC4",4080.39073454047,4328.26161092748,315.951266727785,318.995023716588,2260.89965897808,-3.72719096810545,0.100838050672902,-36.9621481497662,4.64749582124037e-299,1.81455331098727e-297
"ARSA",2658.17985611143,2813.69257032275,385.567647532213,382.794028459906,1560.05852560657,-2.83219202975466,0.108438930928782,-26.1178527443683,2.28593899531486e-150,4.3721157541022e-149
"ATG9A",1548.54279711734,1439.74365359018,462.83418007339,459.660299234987,977.695232503975,-1.69567333590816,0.125115556276323,-13.5528577450689,7.62045840774448e-42,4.71496778131629e-41
"ATP6AP1",5993.60298766525,6113.75015624004,1810.79091608879,1805.58870050666,3930.93319012519,-1.74327027395802,0.0750458255048446,-23.2294103267008,2.29749360307469e-119,3.39605146689474e-118
"ATP6V0A4",6.51195457156155,3.87027863868329,0,0,2.59555830256121,-5.20152279812939,2.59125931042745,-2.00733395426618,0.0447141160780834,0.0641676846193636
"ATP6V0E1",4054.34291625422,4481.78266359525,934.083527057206,932.387864501738,2600.6492428521,-2.19329488116563,0.0916801094209426,-23.9233449329262,1.75088177022793e-126,2.78697057034219e-125
"ATP8A2",19.5358637146847,29.6721362299052,2.29504552102508,2.30598812325244,13.4522583972169,-3.41904013094003,1.07452256932213,-3.18191560471079,0.00146304444402286,0.0025076543382061
"B2M",50603.0965846905,47945.0117760086,2959.84370694867,2967.80671462589,26118.9396955684,-4.05529339207445,0.0587784234157728,-68.9928915477894,0,0
"BACE2",2650.36551062555,2781.44024833373,2.29504552102508,1.53732541550163,1358.90953247395,-10.4683187527938,0.65395286983975,-16.007757188005,1.12803289935279e-57,8.78427820385503e-57
"BOK",1901.49073489597,2016.41517075399,156.063095429705,152.963878842412,1056.73321998052,-3.66428231900809,0.135293145978825,-27.0840203507545,1.51896155067719e-161,3.13463462657368e-160
"BST2",225.31362817603,256.728483032658,29.070576599651,30.7465083100326,135.464799029593,-3.01062384543771,0.332360119238204,-9.05831858629218,1.32476835430934e-19,4.9668577769514e-19
"CARMIL1",1841.58075283761,1604.875542174,137.702731261505,136.053299271894,930.053081386253,-3.65409809042957,0.147762584720167,-24.7295220055179,5.14971090476145e-135,8.71142330741718e-134
"CAV1",45186.4527720656,48715.1972251066,794.085750274676,793.259914398841,23872.2489154614,-5.88646565339655,0.0678401923282108,-86.7695896986529,0,0
"CD4",88.5625821732371,113.528173401377,21.4204248629007,21.5225558170228,61.2584340636343,-2.23462561519905,0.468811382485256,-4.76657713247679,1.87382014078303e-06,4.02541883013647e-06
"CD63",26938.6536716358,26175.9845262947,3851.08638428008,3842.54487604632,15202.0673645642,-2.78736939951672,0.0585452016779299,-47.6105525240251,0,0
"CD74",39.0717274293693,49.0235294233217,14.5352882998255,12.298603324013,28.7322871191324,-1.71504896519788,0.662202075820467,-2.58991783297106,0.0095998842647356,0.0150967068844694
"CFTR",20.838254628997,19.3513931934165,0,0,10.0474119556034,-7.15440228309275,1.80433864103462,-3.96511060639391,7.33619215982724e-05,0.000140281341637588
"CHMP2B",1179.96616836695,1266.871207729,408.518102742464,411.234548646686,816.647506871275,-1.57769109873799,0.134221169457526,-11.7544132949702,6.70246755888997e-32,3.43392787391213e-31
"CLIP1",5704.47220468792,5768.00526451766,1099.32680457101,1104.56831103792,3419.09314620363,-2.38005425332089,0.079414375101549,-29.9700683947643,2.41008679316914e-197,6.08215662632758e-196
"CRHBP",6.51195457156155,11.6108359160499,0,0,4.53069762190286,-6.00560720189629,2.17959858829546,-2.75537304627865,0.00586252507939179,0.00943336105621887
"CTNS",1621.47668831883,1572.62322018498,481.959559415266,478.108204221007,1038.54191803502,-1.73418531640121,0.120525149200103,-14.3885763918202,6.1039428569857e-47,4.08952132083018e-46
"CTSB",44950.7200165751,44904.2628588831,3947.47829616313,3936.32172639192,24434.6957245033,-3.51063470905197,0.0553588938328117,-63.4159114460337,0,0
"CTSK",22513.1293448026,22426.9746182901,194.313854113456,196.008990476458,11332.6067019207,-6.84720164362303,0.0876577863486096,-78.1128742675765,0,0
"CTSL",9575.17800202411,8838.42631787308,627.312442413521,629.534757647917,4917.61287998966,-3.87287821920323,0.0813903290682029,-47.5840098392755,0,0
"CTSS",179.729946175099,153.521052667771,44.3708800731515,45.3510997572981,105.74324466833,-1.89300880383215,0.35187885208286,-5.37971745851434,7.46028306194894e-08,1.72953108823561e-07
"CUBN",82.0506276016756,149.650774029087,36.7207283364012,36.8958099720391,76.3294849848008,-1.65441706009385,0.44158864300809,-3.74651179619115,0.000179310575314728,0.000332722693231218
"CYBA",2303.92952741848,2204.76873116992,705.343990128373,705.632365715248,1479.918653608,-1.67600000678113,0.104899228951511,-15.9772385701314,1.84123753744806e-57,1.42857827026121e-56
"DENND2B",2341.69886393353,2287.33467546183,465.89424076809,465.809600896994,1390.18434526511,-2.31275882197599,0.109215050511167,-21.17619147866,1.58327403441116e-99,1.98452591885159e-98
"DNAJC13",6372.59874373014,7060.67832983788,2000.51467916019,2009.28431806063,4360.76901769721,-1.74423328579384,0.0795784419019099,-21.9184146372685,1.73391257922151e-106,2.30970754866652e-105
"DTX3L",2286.99844553242,2955.60278707447,436.058648994764,448.130358618725,1531.6975600551,-2.5679224163221,0.130372626397061,-19.6967913225992,2.29725639017889e-86,2.52045235987069e-85
"DYSF",79.445845773051,51.6037151824439,1.53003034735005,1.53732541550163,33.5292291795866,-5.41681242923195,0.933468802617566,-5.80288533911634,6.51833682474557e-09,1.59589783236959e-08
"ECE1",21760.3473963301,22048.9774045787,2327.17615831943,2328.27934177722,12116.1950752514,-3.23424548164095,0.060664353663029,-53.3137713723309,0,0
"EEA1",2349.51320941941,2736.28699754909,554.636000914393,564.198427489098,1551.158658843,-2.18452987223731,0.113918926102461,-19.1761803501598,5.85250507612311e-82,6.1243959465727e-81
"EGFR",11616.0245647515,11803.0597551045,703.813959781023,704.863703007497,6206.94049566113,-4.05527496812173,0.0734132748493758,-55.2389874507309,0,0
"EHBP1L1",4627.39491855164,4225.05418056259,1337.24652358394,1329.78648440891,2879.87052677677,-1.73081339646447,0.0870186455533606,-19.8901440657694,4.95325582013427e-88,5.52008509508927e-87
"EHD1",6642.19366299279,7065.83870135613,1151.34783638091,1139.15813288671,3999.63458340413,-2.58129398575024,0.0788833389850612,-32.722930075755,7.37150102576269e-235,2.2929958502116e-233
"EHD2",20351.1604270442,21103.3393238604,323.601418464536,328.218976209598,10526.5800363947,-5.99092838945876,0.0788708478852811,-75.958716687979,0,0
"EHD3",9358.98111024827,9785.35449147092,1059.54601553991,1060.75453669612,5316.15903848881,-3.17458623864311,0.0737671274317857,-43.0352427858701,0,0
"EHD4",2255.74106358892,2101.56130080503,676.273413528722,672.579869281963,1426.53891180116,-1.69167278444558,0.107829209698731,-15.6884464717123,1.81441915837537e-55,1.37326626496646e-54
"EPHA3",9.11673640018618,5.16037151824439,0,0,3.56927697960764,-5.66109890082937,2.33762890945893,-2.42172693789097,0.0154469527651612,0.0236736190004961
"EPHA4",1527.70454248834,1528.7600622799,0,0,764.11615119206,-13.4033237518086,1.44881970738391,-9.25120198427631,2.21982139275617e-20,8.51432848567541e-20
"ERBB2",5304.63819399404,5401.61888672231,143.822852650905,143.739926349402,2748.45496492917,-5.21843724119629,0.110388397663245,-47.2734214071648,0,0
"FCGRT",3327.60878606795,3132.34551157434,566.111228519519,560.355113950344,1896.60516002804,-2.51969569477549,0.0994857943402398,-25.3271907962877,1.60316290232808e-141,2.84812957459624e-140
"FCHSD1",1512.07585151659,1350.72724490047,396.277859963663,396.62995719942,913.927728395036,-1.85215903661933,0.131845593794672,-14.0479403468254,7.93071673421036e-45,5.16866051472865e-44
"FKBP15",2621.71291051068,2728.54644027172,820.861281353302,817.857121046867,1747.24443829564,-1.70705451577075,0.0985078687939663,-17.329118340192,2.83643414949231e-67,2.48191641396071e-66
"FLT1",9935.94028528862,10583.9219839192,13.7702731261505,13.8359287395147,5136.86711776838,-9.53783042124955,0.251363439579306,-37.9443821950102,0,0
"FURIN",5437.4820672539,5516.43715300325,725.999399817599,720.236957162513,3100.03889430932,-2.92107194057225,0.0839507294916966,-34.7950751382234,2.88732718313406e-265,9.94692999560831e-264
"FYCO1",4773.26270095462,4505.00433542735,485.019620109966,482.720180467512,2561.50170923986,-3.26114578864123,0.0931481488254946,-35.0103123868915,1.56763797162926e-268,5.46709718894277e-267
"FZD7",7716.66616730044,8141.77616291008,1051.13084862948,1048.45593337211,4489.50727805303,-2.91708442113251,0.0768277133888792,-37.9691688384254,0,0
"GFRA1",854.368439788876,901.774922813207,150.70798921398,152.195216134661,514.761641987681,-2.53550968689472,0.169960949409479,-14.918189711838,2.50990767568762e-50,1.77840099974462e-49
"GPC1",18882.0634756999,18686.9953604425,1116.15713839186,1115.32958894643,9950.13639087017,-4.07346602753165,0.0654216043172943,-62.2648446188413,0,0
"GPNMB",19030.5360399315,21067.2167232327,216.499294150032,214.456895462477,10132.1772381942,-6.53983598131133,0.0921096632596815,-71.0005416356132,0,0
"GRIA1",2715.48505634117,2968.50371587008,6.88513656307523,7.68662707750815,1424.64013396296,-8.60778703456128,0.347960584842574,-24.7378220681393,4.19257482593205e-135,7.10645617201895e-134
"GRIN2B",1.30239091431231,14.1910216751721,0,0,3.87335314737109,-5.77977435040277,2.38202109012376,-2.42641611124546,0.015248775219232,0.0233888917478043
"GRN",25197.3570192003,28091.7724524429,1507.84490731348,1507.34756989935,14076.080487214,-4.14352746582858,0.0705395217818953,-58.7405097335387,0,0
"HAP1",36.4669456007447,14.1910216751721,5.35510621572518,5.3806389542557,15.3484281114744,-2.23797300733513,0.955413721181467,-2.34241246249598,0.0191595278994574,0.0290462752695157
"HFE",875.206694417873,740.51331286807,1.53003034735005,1.53732541550163,404.696840762199,-9.04091486285016,0.744342006347943,-12.1461838586925,6.0106236688567e-34,3.22643591630411e-33
"HLA-A",19142.5416585623,18361.8919547931,2017.34501298104,1980.84379787385,10375.6556060526,-3.22963150907065,0.0639860631251056,-50.4739837291766,0,0
"HLA-B",15813.6304815801,15442.4117683463,8.41516691042528,11.5299406162622,7818.99683936327,-10.6144026954327,0.290336687940154,-36.5589439307118,1.2855575044134e-292,4.92864755190906e-291
"HLA-C",18616.3757291802,17564.6145552243,748.94985502785,744.834163810539,9418.69357581072,-4.59817780907121,0.0713561507689631,-64.439824170998,0,0
"HLA-DPA1",160.194082460414,119.978637799182,3.0600606947001,3.07465083100326,71.5768579463249,-5.51307294733239,0.653083063195996,-8.44161065876221,3.12994410733243e-17,1.08642899486887e-16
"HLA-DPB1",182.334728003724,185.773374656798,3.82507586837513,3.84331353875407,93.9441230169127,-5.58507345441465,0.574069305209163,-9.72891844893139,2.26993532976811e-22,9.22752073738189e-22
"HLA-E",14710.5053771576,15184.3931924341,260.105159049509,257.502007096523,7603.12643393442,-5.85189205523144,0.0850283644110687,-68.8228227811195,0,0
"HLA-F",296.945128463207,221.895975284509,0,1.53732541550163,130.094607290804,-8.40190420577565,1.06773965310338,-7.86886970185622,3.57859644855921e-15,1.15351835419111e-14
"HLA-H",501.42050201024,455.402786485067,63.4962594150271,54.5750522503078,268.72365004016,-3.01845249705031,0.240927656422449,-12.5284599612661,5.21658047575252e-36,2.91633978934104e-35
"IFITM2",580.866347783291,615.374303550643,56.6111228519519,55.3437149580586,327.048872285986,-3.41752402190088,0.224123634995461,-15.248387444591,1.68749361251304e-52,1.22585079191281e-51
"IFNAR1",2593.06031039581,2536.32260121712,826.216387569027,816.319795631365,1692.97977370333,-1.64284761938172,0.0990005682314949,-16.5943251511468,7.6599921592232e-62,6.2757986894475e-61
"IGF2R",19444.6963506828,18387.6938123843,5580.02067678564,5558.20003974614,12242.6527198997,-1.76409525119369,0.061483116918011,-28.6923523013015,4.75277444830872e-181,1.09974279605007e-179
"IL15",283.921219320084,282.53034062388,29.070576599651,27.6718574790293,155.798498505661,-3.31941139211851,0.316456000792156,-10.4893299030808,9.67118329444077e-26,4.31456204551568e-25
"IL15RA",246.151882805027,338.004334445007,0.765015173675025,0.768662707750814,146.422473782865,-8.57331735377498,1.06348425495178,-8.0615367024533,7.53412656222059e-16,2.48900224728175e-15
"IL2RB",13.0239091431231,25.8018575912219,4.59009104205015,4.61197624650489,12.006958505725,-2.07730028362843,1.04340972134609,-1.99087687332309,0.0464944253010584,0.0664586197031792
"IRAK2",224.011237261717,236.086996959681,22.9504552102508,23.0598812325244,126.527142666043,-3.32193735204379,0.350584122065727,-9.47543583112128,2.6564940408371e-21,1.04998591551262e-20
"IRF7",520.956365724924,705.68080511992,123.932458135354,123.754695947881,368.58108123202,-2.30822481752715,0.214871527194668,-10.7423484519471,6.43854001932984e-27,2.95866243745395e-26
"ITGB1",48618.2528312786,47910.1792682605,9992.62819854318,10019.5183955319,29135.1446734035,-2.27007724970971,0.0536538931734523,-42.3096464290299,0,0
"ITM2B",9103.71249104305,11009.6526341744,2856.56665850254,2874.0298642803,6460.99041200007,-1.81142133387151,0.0870671727641456,-20.8048714155268,3.910072791074e-96,4.74347687740005e-95
"JAK1",9300.37351910421,9764.71300539794,2724.21903345677,2739.5138904239,6132.20486209571,-1.80298565697115,0.0686731899064057,-26.2545785251628,6.33702936960273e-152,1.22583265163249e-150
"JAK2",434.998565380312,451.532507846384,144.58786782458,149.889228011409,295.252042265671,-1.59004827139688,0.210859636934522,-7.54079014131392,4.6713233812602e-14,1.4427669814025e-13
"JAK3",209.684937204282,183.193188897676,29.070576599651,28.4405201867801,112.597305722097,-2.7720952610522,0.356946681717178,-7.76613259917803,8.09188402585096e-15,2.57171703396431e-14
"KIF13A",5289.00950302229,5387.42786504714,938.673618099256,942.380479702499,3139.3728664678,-2.50482376722636,0.08209048245354,-30.5129619459112,1.75403963183292e-204,4.6115493973762e-203
"LAMP1",17773.7288076201,17626.5390134433,3205.41357769836,3179.18895925737,10446.2175895048,-2.47108848203072,0.060880501186303,-40.5891612894059,0,0
"LAMP2",7461.39754809523,7744.42755600527,1103.15188043939,1108.41162457667,4354.34715227914,-2.78149597838808,0.0760108678357944,-36.5933985176557,3.64231733220478e-293,1.40274643016249e-291
"LAPTM4A",15467.194498373,16964.7213662284,4561.0204654505,4534.34131302206,10381.8194107685,-1.83422238478416,0.0672504003332,-27.2745199388597,8.50923666701129e-164,1.78420834015457e-162
"LDLR",10822.8684979353,11581.16377982,852.991918647653,841.685664987142,6024.67746534752,-3.72468044814514,0.0755209334691089,-49.3198412287725,0,0
"LDLRAP1",1177.36138653833,1172.69442752104,221.089385192082,221.374859832235,698.130014770921,-2.40906111447223,0.146426190200918,-16.4523922337026,8.06200637484573e-61,6.49549887430644e-60
"LGMN",3947.54686128061,3814.80464486216,649.497882450097,653.363301588192,2266.30317254527,-2.5748023380535,0.0923481806821589,-27.8814625153838,4.47738531488233e-171,9.82479485632578e-170
"LITAF",7118.86873763109,7430.93498627192,1548.39071151825,1531.94477654737,4407.53480299216,-2.2398474130671,0.0747135444723407,-29.9791346921883,1.83602390348105e-197,4.64033184177413e-196
"LPAR1",6414.27525298813,6796.20928952786,223.384430713107,225.218173370989,3414.77178665002,-4.88012191026268,0.0984115805404853,-49.5888988212628,0,0
"LRP1",137605.414442582,141029.08331498,3980.37394863116,3964.7622465787,71644.908488193,-5.13215781350583,0.053482425612813,-95.9597055425305,0,0
"LRPAP1",5574.23311325669,5579.65170410175,1481.83439140852,1477.36972429707,3528.27223326601,-1.91426450914503,0.0774675348541323,-24.7105385856088,8.2398054821575e-135,1.38834182846193e-133
"LRRK2",471.465510981057,572.801238525127,71.1464111517774,72.2542945285766,296.916863796634,-2.86445191866178,0.231093316995836,-12.3952174640922,2.77392197742818e-35,1.52466960726991e-34
"LY96",52.0956365724924,68.3749226167381,1.53003034735005,1.53732541550163,30.8844787380206,-5.29564772531294,0.942405404480321,-5.61928836585266,1.91745593259429e-08,4.57196006727241e-08
"MAGEL2",3.90717274293693,7.74055727736658,0,0,2.91193250507588,-5.36787910745654,2.49785496344048,-2.14899551255889,0.031634755668198,0.0463536097203584
"MAPK3",2468.03078262183,2644.69040310025,882.062495247304,877.81281225143,1718.1491233052,-1.53864242212404,0.100274298004214,-15.3443350165302,3.86499598493776e-53,2.83188489250142e-52
"MCOLN2",246.151882805027,185.773374656798,1.53003034735005,1.53732541550163,108.748153306169,-7.13754581005249,0.796800759001154,-8.9577547830149,3.31356399257324e-19,1.22502330974889e-18
"MCTP1",31.2573819434955,19.3513931934165,3.0600606947001,3.07465083100326,14.1858716656538,-3.04410973364746,1.01447782957418,-3.0006665940893,0.00269389347969349,0.00450148434269129
"MICALL1",2814.4667658289,2633.0795671842,921.078269104731,924.70123742423,1823.33145988552,-1.5613530347405,0.0980758237892484,-15.9198564377663,4.61434436239238e-57,3.56389379949396e-56
"MLC1",13.0239091431231,6.45046439780549,0,0,4.86859338523215,-6.10893390129628,2.14105263318883,-2.85323854565769,0.00432761225504806,0.00706528564257775
"MME",8429.07399742928,9647.31455335788,258.575128702159,258.270669804274,4648.3085873234,-5.1282477417418,0.0989892093141429,-51.8061289434818,0,0
"MMP14",36684.4448834349,37786.8204423445,278.465523217709,272.875261251539,18755.6515275622,-7.07757561166747,0.0786886235759392,-89.9440769203083,0,0
"MR1",1849.39509832348,1844.83281777237,25.2455007312758,26.1345320635277,936.401987222663,-6.16796859508645,0.21379286757706,-28.8502075162224,5.03658746364043e-183,1.18151107019985e-181
"MYO1D",5397.10794891022,5297.12136347786,567.641258866869,562.661102073596,2956.13291833214,-3.24204186127866,0.0869720211634512,-37.2768370552838,3.89500900172516e-304,1.57882656050836e-302
"NBR1",7617.68445781271,7825.70340741761,2240.72944369415,2247.56975746338,4982.92176659696,-1.78275587294564,0.0707405853865704,-25.2013163759326,3.87475915443059e-140,6.82665036087647e-139
"NCSTN",6450.74219858888,6856.84365486723,2317.23096106165,2330.58532990047,4488.85053610456,-1.51764074298914,0.0744581551900998,-20.3824650115818,2.39295621871616e-92,2.79903363764981e-91
"NDRG1",4252.30633522969,4404.37709082159,329.721539853936,322.838337255342,2327.31082579014,-3.729627071164,0.0987270462612765,-37.7771564368867,0,0
"NPC1",3388.82115904063,3318.11888623114,649.497882450097,652.594638880441,2002.25814165058,-2.36481765490274,0.095233151459386,-24.831874391044,4.05944029842884e-136,6.93617042540396e-135
"NRP1",11243.5407632582,11534.7204361558,828.511433090052,847.834966649148,6113.65189978829,-3.76428231129403,0.0727483446996365,-51.7438895254044,0,0
"NTRK2",127.634309602606,169.002167222504,46.6659255941765,47.6570878805505,97.7398725749593,-1.65315750675899,0.368799676782135,-4.48253512905212,7.37614956122002e-06,1.52034616684176e-05
"OPTN",7659.3609670707,7545.75325255286,410.048133089814,406.622572400181,4005.44623127839,-4.21864869293789,0.084878129049567,-49.7024232293609,0,0
"PCSK9",1613.66234283295,1665.50990751338,3.0600606947001,3.07465083100326,821.326740468008,-9.06213593930153,0.526191227052184,-17.2221342230831,1.81182058874697e-66,1.57079943232662e-65
"PHETA2",1265.92396871157,1470.70588269965,185.133672029356,180.635736321441,775.599814940504,-2.90343158968527,0.151233704869113,-19.1983102721584,3.82328637940116e-82,4.0132692130871e-81
"PI4K2A",2214.06455433093,2266.69318938885,615.837214808395,618.004817031655,1428.64994388996,-1.86059538405986,0.10625450836578,-17.5107429574167,1.18635526667974e-68,1.06439819594763e-67
"PIP5K1C",7655.45379432776,7434.8052649106,1207.95895923287,1211.41242741528,4377.40761147163,-2.64090749045323,0.0750903632201498,-35.1697258769494,5.80643756877518e-271,2.05023982677916e-269
"PLA2G3",36.4669456007447,49.0235294233217,1.53003034735005,1.53732541550163,22.1394576967295,-4.80081370629009,1.01266745497487,-4.7407603381598,2.12917671434276e-06,4.56014341947004e-06
"PLD1",824.413448759693,754.704334543242,58.1411531993019,57.6497030813111,423.727159895887,-3.76948426906508,0.206780234806046,-18.2294225200041,3.01487689835229e-74,2.89947164448558e-73
"PLD3",15592.224026147,16238.3990750355,3129.67707550453,3128.45722054581,9522.18934930822,-2.34661693373022,0.0631136995392392,-37.180785643397,1.39512221132957e-302,5.56214921061535e-301
"PLEKHM1",2264.85779998911,2320.87709033041,324.366433638211,319.763686424339,1307.46625259552,-2.83172942761009,0.115061075175123,-24.6106637131644,9.71239407926271e-134,1.62357579765943e-132
"PLIN3",5430.97011268234,5525.46780316018,806.325993053477,805.558517722854,3142.08060665471,-2.76496280246859,0.0829709770575414,-33.3244575455711,1.70823528765973e-243,5.45350904616782e-242
"PML",3151.78601263579,3564.52662622731,504.144999451842,496.556109207026,1929.25343688049,-2.74668551690038,0.105364776820528,-26.0683465554995,8.33479196302574e-150,1.58519716349417e-148
"PRAF2",320.388164920829,461.853250882873,104.042063619803,73.0229572363274,239.826609164958,-2.14332263181134,0.27464421916738,-7.8039968884439,5.99766716190678e-15,1.91671498214591e-14
"PRKCD",853.066048874564,974.020124068628,198.138929981832,197.546315891959,555.692854704246,-2.20717172934012,0.165617951071988,-13.326887061782,1.6149695545625e-40,9.76108288778988e-40
"PSAP",52494.168192272,51961.0709100823,11263.3184020174,11263.2146566727,31745.4430402611,-2.21318697858611,0.0531452268287812,-41.6441345845859,0,0
"PTP4A1",83.3530185159879,69.6650154962992,20.6554096892257,20.753893109272,48.6068342026962,-1.8855868294265,0.513314693994594,-3.67335447725631,0.000239387032332899,0.000439492958290127
"RAB11FIP5",2903.02934800214,2697.58421116225,254.750052833783,250.584042726766,1526.48691368124,-3.47024137451017,0.115289919837125,-30.1001282628415,4.82664349915623e-199,1.23271749157398e-197
"RAB17",22.1406455433093,14.1910216751721,2.29504552102508,2.30598812325244,10.2331752156897,-2.9809958448949,1.17982534024048,-2.52664165043895,0.0115158938437268,0.0179551951750534
"RAB23",978.095576648545,1128.83126961596,341.961782632736,339.74891682586,697.159386430775,-1.6279659786753,0.14855850887755,-10.9584162561645,6.05496979928851e-28,2.85263819892139e-27
"RAB31",2484.96186450789,2764.66904089943,747.4198246805,740.990850271785,1684.5103950899,-1.81847650828096,0.104741758189921,-17.3615236149047,1.61383246796599e-67,1.41650287524209e-66
"RAB38",122.424745945357,134.169659474354,6.88513656307523,8.45528978525896,67.9837079420114,-4.06431683884925,0.518450474572719,-7.83935407176329,4.52869910521067e-15,1.45315370494801e-14
"RAB3B",7952.39892279097,7732.81672008922,365.677253016662,367.420774304889,4104.57841755043,-4.41925305809591,0.0862432483054369,-51.2417278445357,0,0
"RAB5B",7458.7927662666,7775.38978511473,1741.93955045803,1722.57312806958,4674.67380747724,-2.13659447792022,0.0732989390123225,-29.1490505416596,8.58873505974795e-187,2.06032593580168e-185
"RAB7B",394.62444703663,442.501857689456,17.5953489945256,16.1419168627671,217.715892645845,-4.63297745944983,0.319244822281498,-14.5123025843929,1.01263417290917e-47,6.88769675317956e-47
"RAB9A",935.116676476239,810.178328364369,239.449749360283,238.285439402753,555.757548400911,-1.86912560441737,0.164258605988414,-11.3791639297682,5.31064049631953e-30,2.62045084803867e-29
"RAP1A",109.400836802234,89.0164086897157,11.4752276051254,10.7612779085114,55.1634377513966,-3.15739736189477,0.522956275091857,-6.03759341321638,1.56429609450564e-09,3.9476976031328e-09
"RAP2B",2051.26569004189,2115.7523224802,500.319923583467,498.862097330279,1291.55000835896,-2.06020657187139,0.11150703048403,-18.4760240043021,3.22058184549966e-76,3.17828948657561e-75
"RHOB",7724.48051278632,7817.96285014025,2719.62894241472,2698.77476691311,5240.2117680636,-1.5202749709864,0.0691282020480375,-21.9921092397275,3.42683966141366e-107,4.59364205283737e-106
"RHOD",621.240466126972,628.275232346254,0,0,312.378924618307,-12.1128350441603,1.4562996967204,-8.31754279111543,8.98056765448745e-17,3.06708146076442e-16
"RILP",154.984518803165,136.749845233476,12.2402427788004,11.5299406162622,78.876136857926,-3.61732498832681,0.456841148646619,-7.91812427370662,2.41120308557142e-15,7.82420198802922e-15
"RIN3",1512.07585151659,1504.24829756824,12.2402427788004,14.6045914472655,760.792245827725,-6.81226586316641,0.277577451049034,-24.5418561105059,5.28378031116521e-133,8.78939518166797e-132
"RIPK1",2358.62994581959,2340.22848352383,826.216387569027,830.15572437088,1588.80763532083,-1.50428175529566,0.10080589085191,-14.9225580229785,2.35085462598691e-50,1.66709457067899e-49
"S1PR1",190.149073489597,180.613003138554,6.1201213894002,6.14930166200652,95.7578749198894,-4.91733798678077,0.498414460585137,-9.86596171589369,5.8471402803223e-23,2.42332431725217e-22
"SAMD9L",2264.85779998911,3034.2984527277,55.0810925046018,55.3437149580586,1352.39526504487,-5.58468516239345,0.180830968052103,-30.8834555416655,1.9923476115928e-209,5.42276151206605e-208
"SCAMP2",3314.58487692483,3747.71981512499,683.923565265473,668.736555743209,2103.74120326462,-2.38436540555891,0.101060858492706,-23.5933618724502,4.50892602705788e-123,6.91151621331688e-122
"SDF4",10757.7489522197,10803.2377734446,2601.05159049509,2582.70669804274,6686.18625355053,-2.05635202777287,0.0658255232760976,-31.2394330561983,3.10690313604311e-214,8.72192444009194e-213
"SERPINB1",876.509085332185,777.926006375342,198.138929981832,201.389629430713,513.490912780018,-2.0499246130526,0.169362492302276,-12.103769761453,1.00870305452128e-33,5.37890507943154e-33
"SFTPD",32.5597728578078,23.2216718320997,6.1201213894002,6.14930166200652,17.0127169353286,-2.18455431645686,0.873294364584809,-2.50150969140338,0.0123665057717855,0.0192038707166503
"SGK3",169.3108188606,127.719195076549,9.94519725777533,9.99261520076059,79.2419565989212,-3.8969213630305,0.476934354672577,-8.17077093493465,3.06424959616087e-16,1.02649339528987e-15
"SH3GL2",389.414883379381,326.393498528958,10.7102124314504,10.7612779085114,184.319968062075,-5.05901867084844,0.374361773171663,-13.5137159651411,1.29800682494707e-41,7.99613634925682e-41
"SH3TC2",282.618828405771,252.858204393975,9.94519725777533,9.99261520076059,138.853711314571,-4.74720661867384,0.404161235054798,-11.7458237132272,7.41960001947133e-32,3.79904994665966e-31
"SLC15A3",561.330484068606,770.185449097975,13.7702731261505,12.298603324013,339.396202404186,-5.67454584882987,0.325820287036687,-17.416183321301,6.21897007497774e-68,5.50406397881303e-67
"SLC26A7",14.3263000574354,6.45046439780549,0.765015173675025,0.768662707750814,5.57761058416669,-3.75956533998842,1.72206551285221,-2.18317207558588,0.0290231403540486,0.0428261525432807
"SLC31A2",14.3263000574354,12.900928795611,0,0.768662707750814,6.9989728901993,-5.14939868307387,1.91699841428585,-2.68617785215654,0.00722746060865791,0.0115259334251123
"SLC6A9",4637.81404586614,5023.62167301091,85.6816994516028,86.0902232680912,2458.30191039919,-5.81369596332352,0.130795220984326,-44.4488408641492,0,0
"SLC9A7",2560.500537538,2520.84148666238,297.590902559585,299.009793315067,1419.48568001876,-3.09036949842048,0.112992471857765,-27.3502247327649,1.07327024228259e-164,2.26440022297237e-163
"SLC9A9",253.966228290901,354.775541879302,2.29504552102508,3.84331353875407,153.720032307495,-6.63268686464996,0.589516476776857,-11.2510627368954,2.28818267984132e-29,1.11290076272695e-28
"SMPD1",5718.79850474536,5716.40154933522,377.152480621788,372.032750551394,3046.09632131344,-3.93200526032937,0.0905590292414089,-43.4192514348578,0,0
"SNX18",4231.4680806007,4254.7263167925,601.30192650857,594.94493579913,2420.61031492522,-2.82659891332971,0.0907521878047696,-31.1463445863192,5.68435597949477e-213,1.58527261011066e-211
"SNX19",7126.68308311697,7116.15232365901,2494.71448135426,2494.31048665139,4807.96509369541,-1.51340611667447,0.0704845183545077,-21.4714685154358,2.8777984471382e-102,3.6943710375053e-101
"SNX21",1617.56951557589,1537.79071243683,331.251570201286,321.30101183984,951.978202513461,-2.27360448798157,0.128348298801955,-17.7143328677057,3.25058452933382e-70,2.96816815302181e-69
"SNX30",2182.80717238743,2101.56130080503,570.701319561569,568.041741027852,1355.77788344547,-1.91162374111932,0.109042219677662,-17.5310420749893,8.30336706798781e-69,7.46160773982566e-68
"SPAAR",13.0239091431231,1.2900928795611,0,0,3.57850050567105,-5.66449335594571,2.43175967342363,-2.32938041445962,0.0198389217015048,0.0299799133533551
"SPHK1",1988.7509261549,2093.82074352766,34.4256828153761,33.8211591410358,1037.70462790974,-5.90256426108633,0.19257094592417,-30.6513749141089,2.53351242666404e-206,6.76559356202232e-205
"SQSTM1",18582.5135654081,17332.3978369033,1576.69627294423,1575.75855088917,9766.8415565362,-3.51002648672312,0.0677095726743561,-51.8394423134867,0,0
"STEAP1B",216.196891775844,180.613003138554,68.0863504570773,63.7990047433176,132.173812528698,-1.58904807539171,0.314537110361361,-5.05202096365069,4.37159705703505e-07,9.74756523784736e-07
"STING1",4351.28804471743,4600.47120851487,147.64792851928,145.277251764904,2311.17110837912,-4.93356484772959,0.11451452811334,-43.0824361678079,0,0
"STS",1388.34871465692,1491.34736877263,419.993330347589,427.376465509453,931.766469821648,-1.76488913136346,0.127861830879351,-13.8030960391048,2.44137914977435e-43,1.54891234515381e-42
"STX7",2152.85218135825,2091.24055776854,348.081904022137,347.435543903368,1234.90254676307,-2.60928586612239,0.116327605632286,-22.4304957704571,1.98413782671524e-111,2.75090586521891e-110
"SUN2",442.812910866186,579.251702922933,117.812336745954,116.068068870373,313.986254851361,-2.12774219765037,0.223410076233149,-9.5239312099329,1.66748891330672e-21,6.62936135383928e-21
"SYNDIG1",266.990137434024,282.53034062388,4.59009104205015,2.30598812325244,139.104139305802,-6.31530360892959,0.562479782188368,-11.2276099673475,2.98442275645216e-29,1.44697219798982e-28
"SYTL4",376.390974236258,339.294427324569,37.4857435100762,35.3584845565375,197.13240740686,-3.2963509800728,0.283613445662807,-11.6226893699246,3.16028707027274e-31,1.59744986909262e-30
"TBC1D17",3047.59473949081,3165.88792644293,675.508398355047,668.736555743209,1889.431905008,-2.20861498395395,0.0972275138238336,-22.7159463107916,3.11679447582518e-114,4.4371867038906e-113
"TBC1D3",3.90717274293693,6.45046439780549,0,0,2.5894092851856,-5.19846440212457,2.59292605718338,-2.00486411393139,0.0449775760730034,0.0644858308309885
"TCIRG1",3663.62564196053,3583.87801942073,31.365622120676,26.9031947712785,1826.4431195683,-6.95838285393399,0.190635701343797,-36.500942923514,1.07140009608564e-291,4.06175429283896e-290
"TCN2",1144.80161368052,1201.07647087138,65.7913049360522,64.5676674510684,619.059264234756,-4.16956546985832,0.180838204448887,-23.0568838181361,1.25468202714359e-117,1.83861255815416e-116
"TF",10.4191273144985,15.4811145547332,1.53003034735005,1.53732541550163,7.24189940802083,-3.07807202061124,1.40376794467376,-2.19272140547887,0.028327457539892,0.0418468764771267
"TGOLN2",16063.689537128,16621.5566602652,4058.40549634601,4015.49398529025,10189.7864197574,-2.0173053865893,0.061685662547213,-32.7029864524077,1.41631679951249e-234,4.39757303892505e-233
"THSD1",264.385355605399,272.209597587391,67.3213352834022,67.6423182820717,167.889651689566,-1.9912784314599,0.279649918846511,-7.12061151196986,1.07449258323355e-12,3.13775482008916e-12
"TICAM2",7.81434548587387,2.58018575912219,0,0,2.59863281124901,-5.20305717917815,2.61218799961331,-1.99183871143592,0.046388757313292,0.0663243247924027
"TLR3",119.819964116733,141.910216751721,10.7102124314504,11.5299406162622,70.9925834790415,-3.55697339147096,0.479262772662038,-7.42176024170197,1.15573891850103e-13,3.50957800676229e-13
"TMEM127",6114.7253426963,6037.63467634593,1463.47402724032,1453.54118035679,3767.34380665984,-2.05866608461958,0.0764014559847222,-26.9453776513271,6.46207694409302e-160,1.31597020166038e-158
"TMEM9B",1398.76784197142,1591.97461337839,473.544392504841,474.264890682253,984.637934634227,-1.65788587057756,0.128759227415005,-12.8758606576134,6.15491288484447e-38,3.55682342416463e-37
"TOM1",1846.79031649486,1764.84705923958,410.048133089814,402.010596153676,1105.92402624448,-2.15297070048232,0.119726921950368,-17.9823440326548,2.67922498314869e-72,2.52519184871239e-71
"TOM1L2",3941.03490670905,3929.6229111431,993.754710603858,989.268904875298,2463.42035833283,-1.98877979614033,0.0871075427057744,-22.8313155711198,2.24109956663305e-115,3.22020601012654e-114
"TPCN1",5746.14871394592,5956.35882493359,760.425082632975,757.132767134552,3305.01634716176,-2.94700152310632,0.0830244159175996,-35.4956007884617,5.74687229497982e-276,2.06789998004105e-274
"TPP1",1626.68625197608,1695.18204374328,104.807078793478,121.448707824629,887.031020584366,-3.87610499835242,0.150710700145688,-25.7188440807819,7.19532640536259e-146,1.32976521946331e-144
"UBC",32123.4719015131,34664.7956738067,11645.8259888549,11480.7462029662,22478.7099417852,-1.53004815157283,0.0601284640637904,-25.4463202311237,7.75362674614989e-143,1.38472761994332e-141
"UNC93B1",1465.18977860135,1477.15634709746,253.220022486433,249.815380019015,861.345382051064,-2.54823098228803,0.134601715212721,-18.9316382652396,6.25854014226052e-80,6.41878295749714e-79
"VAMP3",4432.03628140479,4489.52322087262,1427.5183140776,1417.4140330925,2941.62296236188,-1.64890371509939,0.0815641037333417,-20.2160465158812,7.07293134699054e-91,8.14970596996522e-90
"VAMP5",879.11386716081,803.727863966564,43.6058648994765,42.2764489262948,442.181011238286,-4.29233028796591,0.216220360057061,-19.8516471197863,1.06647249214422e-87,1.18385417036453e-86
"VPS18",2257.04345450323,2185.4173379765,786.435598537926,776.349334828323,1501.3114314615,-1.50722265439371,0.103547239668912,-14.5558940944538,5.35807791954875e-48,3.66203603161433e-47
"WASHC2A",3903.265570194,3736.10897920894,970.804255393607,1017.70942506208,2406.97205746465,-1.94176534838219,0.0897759454649634,-21.6290158608243,9.58052822905474e-104,1.24210451482646e-102
"WASHC2C",4063.45965265441,3905.11114643144,1077.90637970811,1071.51581460464,2529.49824834965,-1.89035730302884,0.0870227827255171,-21.7225563676963,1.25592385629395e-104,1.6471514112198e-103
"YIPF2",1609.75517009002,1753.23622332353,358.792116453587,360.502809935132,1020.57157995057,-2.22512412151988,0.126022118456664,-17.6566157494412,9.05061255015463e-70,8.22888669977657e-69
"ZFYVE21",1097.91554076528,971.439938309506,344.256828153761,329.756301625099,685.842152213411,-1.61826545061549,0.14827204914448,-10.9141639301054,9.86326299676586e-28,4.6211767927468e-27
"ZFYVE28",306.061864863393,313.492569733347,45.1358952468265,48.4257505883013,178.279020107967,-2.72729633463486,0.283102535073484,-9.63359912664487,5.76732578666995e-22,2.32059372567644e-21
